3501:273159,275243,277414,278485,279568,280632
3407:269260
3068:273321,275408,276490,277579,278651,279741,280805,281880,282955,283860,284667,285463
2837:272764,274833,275910,276995,278080,279158,280237,281295,282380,283447,284282,285078
1505:272978,275063,276143,277234,278305,279388,280452,281524,282601,283664,284463,285261
1503:273186,275273,276355,277444,278514,279603,280666,281742,282821,283810,284610,285409
34:272953,275038,276118,277209
3527:273989
3525:270736
3520:274209,275247,276327,277418,283778,284577,285378
3516:274759,274871,275834,275947,276921,277032
3515:274758
3513:273412,275498,276580,277416,277669,283880,284688,285484
3510:274757,274870,275609,275724
3507:271883
3503:268244
3498:273522
3496:274645,275605,275720,276691,276804,277775,279941
3486:274200,275238
3481:265656
3475:268560
3474:268342
3469:271875
3460:265647
3454:267518
3449:272921
3448:266572
3442:266570
3441:265296
3439:268442
3405:266224
3348:272328,275461,276543,277632
3040:273437,276607,277695,283907,284710
2857:274722,274836
404:272962,275047,276127,277218,283650,284449,285247
3523:274762,274874,275011,275612,275727,275837,275950,276088,276697,276810,276924,277035,277175,277781,284312,284414,285107,285208,285583,285691,285792
3522:274761,275010,275611,275726,275836,275949,276809,276923,277034,277780,277894,284311,284413,284790,285106,285582,285690,285791
3521:274210,275500,276582,277419,277671,283912,284714,285510
3519:274453,275499,276581,277417,277670,283794,284689,285485
3514:271755
3500:274756,274869
3499:274755,274868,275007,275608,275723,275832,275945,276084,276694,276807,276919
3497:273632
3493:273429,275264,276602,277437,277688,283983
3490:273405,275491,276573,277411,277662,283874,284682,285478
3489:270285
3488:274779,274891,275025,275633,275746,275856,275966,276110,276719,276832,276943,277054,277200,277804,284336,284437
3479:273402,275488,276315,277406
3471:273400
3464:267761
3463:266707
3456:265193
3455:274745,274858,275935,275974,276909,277020,284304,284408,285099,285202,285890
3447:274744,274857,275029,275595,275709,275821,275934,276111,276681,276793,276908,277019,277203,277765,281101
3444:274189
3436:273393,275480,276562,277442,277651,283870,284678,285474
3435:267973
3425:267620
3417:267617
3412:269261
3410:267506
3401:266947
3400:273387,275474
3376:274553
3367:274674,275637,275751,276827,276836,277912,277920
3295:270389
3276:267140