3276:267140,274217
3493:270321,272131,272385,273429,275264,276602
3464:267761
3417:267617
3479:270283,271072,271316,272103,272356,273402,275235,275488,276315
3490:270286,271077,271319,272108,272359,273405
3436:270274,271100,271307,272137,272347,273393,275271,275480,276562
3497:270520,270723,270852,271432,271543,271645,271750,271881,272476,272588,272691,272798,273632
3500:269710,270725,271647,271752,272693,272800,273737,273848,274756,274869
3492:270288
3466:269702,270717,271458,271565,271639,271744,271902,272610,272685,272792,273729
3376:269309,271336,272501,273541,274553,275215
3367:270538,271558,272500,272611,273753,274562,274674,275637,275751