3612:289771,290473,291188,291901,292615,293299
3607:289970,290674
3606:289768,290470,291185,291898,292612,293296
3594:289869,290572,291289
3593:289766,290469,291184,291897,292611,293295
3592:289765,290468,291183
3578:289867,291287,292003
3575:289762,290465,291180
3546:289677,290379,291097,291807,292522,293208
3543:286268
3542:289160
3540:278745
3537:286780
3535:283158
3526:287458
3511:267645
3508:269400
3505:290562,291279,291995,292700,293404
3495:274753
3491:290560,291277,291992,292697,293401
3482:290351,290798,290865,290967,291064,291379,291482,291577,291777,292096,292198,292396,292910,292998,293091,293182,293506,293599
3473:278844
3472:290558,291275,291990,292695,293399
3462:290151,290765,290863,291377,291479,291575,292094,292195,292291,292907,292996,293504,293596
3459:290451,291166,291879,292593,293277
3458:290450,291878,292592,293276
3451:275485
3450:287647
3445:270276
3428:290554,291271,291986,292691,293395
3394:265175
3377:264811
3366:265502
3326:290445,291160,292587,293271
3246:290049,290757,291471,292187,292899
3238:271859
3220:269219
3120:290651,290755,290855,290956,291056,291368,291469,291567,291769,292085,292385,292988
3115:290547,291264,291979,292684,293388
3112:283074
3111:290695,292423,292938
3102:290546,291263,291978,292683,293387
3094:290649,290853,290954,291054,291366,291467,291565,291767,292083,292383,292895,292986
3090:290438,291153,291866,292580,293264
3061:290340,291053,291766,292482,293171
3036:290543,291260,291975,292680,293384
3034:290690,291316,292030,292835
3032:269624
3029:290434,291149,291862,292576
3016:272129
2950:290647,290751,290851,290952,291364,291465,292081,292381,292893,292984
2944:290378,291092,291805,292518
2843:290641,290745,290844,291358,291459,292075,292375,293071,293577
2836:281736,290895,291090,292937
2815:290428,291143,291856,292570,293254
2660:289992,290795,291414,292130,292841,293537
2616:282499
2496:290492,291207,291919,292669,293323
2420:290634,290837,290937,291035,291351,291452,292067,292366,292971,293062,293570
2404:291246,291961,292666,293370
2358:267541
2357:282810
2321:291245,291960,292665,293369
2319:273236
2312:291509,292126,292324,293026
2307:291449,292165
2217:291844
2202:291841
121:287695