3523:272701,272808,273744,273855,273987,274542,274652,274762,274874,275011,275612,275727,275837,275950,276088,276697,276810,276924,277035,277175,277781,278006,278255,278968,280057,280272,281002,281110,281330,281469,282078,282187,282549,283156,284205,284312,284414,284791,284999,285107,285208,285583,285691,285792,285898,285994,286471,286571,286677,286779,287148,287252,287457,287557,287860,287960,288053,288153,288252,288564,288661,288755,288853,288952
3522:272700,272807
3521:272368,273414,274210,275248,275500,276582,277419,277671,278490,279832,281709,283912,284714,285510,286293,287079
3519:272367,273413,274453,275246,275499,276581,277417,277670,278741,279831,280895,281970,283045,283794,284689,285485,286266,287051,287760,288461
3514:271755
3500:272693,272800,273737,273848,274756,274869
3499:272692,272799,273634,273870,273983,274538,274648,274755,274868,275007,275608,275723,275832,275945,276084,276694,276807,276919
3497:272691,272798,273632
3493:272385,273429,275264,276602,277437,277688,278761,279607,280672,281747,283153,283983,284721,285413,285580,286283
3490:272359,273405,275240,275491,276573,277411,277662,278733,279823,280887,281962,283037,283874,284682,285478,286259,286942,287653,288353,289048
3489:270285
3488:268348,273759,273868,274556,274669,274779,274891,275025,275633,275746,275856,275966,276110,276719,276832,276943,277054,277200,277804,278027,278275,278877,280077,280187,281025,281242,281491,282103,282210,283179,283289,284231,284336,284437,284817,285027,285129,285230,285612
3479:272356,273402,275235,275488,276315,277406
3478:272686,272793,273730,273841,274639,274749,274862,275001,275600,275714,275826,275939,276078,276798
3471:272354,273400
3466:272685,272792,273729
3464:267761
3463:266707
3456:265193
3455:272682,272789,273726,274745,274858,275935,275974,276909,277020,278271,279067,279183,280153,280262,281320,282403
3453:272605,272818,273754,273867,274555,274667
3447:272681,272788,273725,273836,274525,274634,274744,274857,275029,275595,275709,275821,275934,276111,276681,276793,276908,277019,277203,277765,277878,278276,279066,279931,280261,280994,281101
3444:272348,273394,274189
3436:272347,273393,275271,275480,276562,277442,277651,278722,279812,280876,281951,283026,283870,284678
3435:267973
3425:267620
3417:267617
3412:269261
3410:267506
3400:272341,273387,275223,275474
3376:272501,273541,274553,275215
3367:272611,273753,274562,274674,275637,275751,276827,276836,277912,277920
3295:270389
3276:267140,274217
3401:266947