3276:267140
3493:281747,283153,283898,283983,284721,285413,285580,286283,286358,287070,287145,287781,287883,288482,288585,289192
3464:267761
3417:267617
3479:277406
3490:281962,283037,283874,285478,286259,286942,287653,288353,289048
3497:273632
3500:274869
3436:281951,283026,283870,285474,286191,286976
3367:277920
3426:281458,282538,283601,284406,285986,286771,287552
3414:282175,283145,284194,284301,285472,285572,285679,285781,285887,286667,287039
3270:282173,283143
3268:282172,285569,285609
2932:282161,283132,284288,285189,285561,285667,285769,285875,286655,286760,287228,287436,287541
2924:282160,283131,284287,285560,285666,285874,287028,287227,287328,287435,287737,287840,288033,288133,288439,288543,288638,288734,288832
2907:282159,283238,284392,285559,285665,285873,286758
2905:282158,283237,285186,285558,285664,285872,287225,287326,287433,287538,287838,288031,288131,288233,288541,288636,288732,288830
2897:281851,282926,285460,287027,287736,288438
2749:280497,282646,285298,286869,287625,288325
2348:282147,283227,285549,285757,287216,287524
2221:282253,283224,285547,285652,287213,287421,287522,287827,288021,288217,288530,288624,288722
2143:282141,283221,285544,285649,287210,287417,287519,287824,288018,288115,288214,288527,288621,288719
2112:282140,283220,285166,285648,287209,287416,287518,287823,288114,288213,288526,288718
2102:282248,285542,285647,287208,287415,287517
2101:282138,287414,287516
2042:282245,283217,285540,287413,287515,288210,288523,288617,288714,288810
2545:283230,285551,285963,287219,287426,287529,287831,288026,288124,288224,288534,288630,288727
1714:283215,285162,287412,288110,288209,288522,288615,288713
3465:284199,284306,285101,285578,285685,285786,285892,286672,287143,287346,287453,287857,287956,288050,288150,288560,288656,288849
1669:285537,287411,287712,288109,288414,288614,288808
1278:285533,285742,287406,287509,288104,288204,288516,288609,288708
1277:285532,285741,287508,287812,288203,288515,288802
1276:284838
778:285429,286210
776:285529,285738,287402,288199,288512,288704
655:285527,285736,287502,288197,288510
529:287701,288403
527:287805
526:287700
74:287796