3276:267140
3493:291408,291993,292098,292734,293507
3464:267761
3417:267617
3479:277406
3490:291169,291882
3436:286976
3497:273632
3500:274869
3465:291679,292095,292196,292292,292797,292908,293090,293505,293597
3426:289645
2924:291974,292078,292378,292890,292981,293383,293489,293580
2905:291760,292076,292273,292888,292979,293166,293487,293578
2897:291973,292678,293382
2749:291854,292568,293252
2545:291751,292069,292369,292974,293157,293480,293572,293662
2221:291744
2143:291741,292061,292360,292873,292966,293056,293472,293563
2112:291740,292060,292359,292872,292965
2042:292057,292356
1714:291736,292355,292867,292960,293051,293467,293557
1669:291949,292354,292866,292959,293050,293465,293556,293647
3367:277920
1277:292348,292860,292955
1276:284838
778:286210,292541
776:292345,292857,292952,293458,293548
655:292343,292856,292950
529:291938,292643,293347
527:292438,292948,293038,293545
526:292340,292947,293544
74:292330,292735,293204
1278:292861,292956,293046,293462,293644