3287:277622,278694,279784,280848,281923,283867,284675,285471,286252,287038,287747
2863:274321,278370,279453,280517,282666
2671:277268,278339,279422,281558,283694
2528:277199,278273,280122,281995,284014,284712
2518:277802,278577,279219,279972,280189,281806,284230,284335,284657,285131,285453,285816
2423:277800,277848,278072,279035,279965,282100,284276,284814,285449,285610,285657,285863,285961,286539,287016,287177,287319,287424,287527,287725
826:277057,284340,285136,286703,287488
325:276957,277704,284729,285146,285523,286301,287088,287396
153:276953,284346,285142,285624,285728,286611,286970,287185,287288,287392,287494
146:276343,284599,285401,286973
125:277065,277699,284724,285141,285518,285623,285726,287083,287286,287389,287493,287798
2540:270312,281488,283632,284333,284433,285227,285814,285918,286012,286698,286799,287376,287481,287575
782:284009,285607,286385