3480:275236
3478:276078,276798
3068:276490,278651,279741,280805,281880,283860,284667,285463
3501:276323,278485,279568,280632
3348:276543,277632
3498:273522
3612:285400,286965,287675,288374,289069
3607:284812,285603,286380,287165,287875,288578
3606:285394,286962,287672,288371,289066
3594:285497,287061,287769,288470
3593:285392,286176,286960,287670,288369
3592:285391,286175,286959,287669,288368
3578:285492,286273,287058,287766,288467
3577:285491,287057,287765,288466
3575:285385,286169,286955,287665,288364
3571:285214,285589,285696,285800,285905,286579,286784,287152,287256,287356,287463,287561
3546:285379,286163,286806,287581,288276
3543:285487,286268
3542:284690,287052,287761,288462
3540:278745
3537:285209,286780
3535:283158
3526:285108,285899,286678,287458
3511:267645
3508:269400
3505:285482,287049,287758,288459
3495:274753
3491:285479,287046,287755,288457
3485:278479
3482:285579,285687,285788,287248,287347,287454,287555,287858,287958,288051,288151,288250,288561,288658,288752,288850
3472:285477,287044,287753,288455
3462:285577,287245,287345,288049,288559,288655,288750
3459:284567,286938,287650,288350
3458:285507,286937,287649,288349
3473:278844
3457:273144
3451:275485
3445:270276
3428:285473,287040,287749,288451
3394:265175
3377:264811
3366:265502
3246:285675,287236,287947,288647
3238:271859
3234:285815,287377
3220:269219
3120:285776,285881,287336,287547,288041,288140,288242,288550,288645,288742,288839
3115:284670,287033,287742,288444
3450:285365,286935,287647
3326:284557,286928,287644
3112:283074
3111:281245
3102:285465,287032,287741,288443
3094:285879,287440,287545,287845,288039,288138,288548,288643,288740,288837
3090:285335,286906,287637,288337
3061:287489,288184,288883
3036:287029,287738,288440
3034:287274,287795,288497
3032:269624
3029:286897,287633,288333
3016:272129
2982:287439
2950:287438,287843,288037,288136,288546,288641,288738
2944:286802,287578
2843:287432,287537,287837,288030,288130,288232,288540,288731
2836:281736
2815:286876,287627,288327
2660:287175,287890,288682
2616:282499
2496:287683,288387
2420:287526,287830,288023,288121,288533,288628,288724